  Filename              Xmin |              Xmax |              Ymin |              Ymax |              Zmin |              Zmax | 
000200.txt  548849.517163  548897.038346 5804532.526726 5804599.942831      96.751814     121.597946 
000210.txt  548854.383147  548893.148004 5804540.687379 5804564.810081      97.196857     120.420043 
000220.txt  548855.289582  548896.080575 5804541.877344 5804563.941827      97.080737     117.692986 
000230.txt  548858.461816  548899.101189 5804543.895589 5804563.600612      97.060374     118.143118 
000240.txt  548860.767643  548904.555305 5804540.376726 5804573.182025      97.279184     116.973459 
000250.txt  548865.146422  548905.151291 5804542.299320 5804563.778918      97.184646     115.844230 
000260.txt  548866.681249  548908.280553 5804539.404662 5804562.270853      97.216293     115.163804 
000270.txt  548870.461888  548911.472051 5804527.523913 5804562.847150      97.039049     115.288138 
000280.txt  548872.713621  548914.715880 5804541.024743 5804567.763851      97.201569     115.278582 
000290.txt  548875.842696  548917.963034 5804541.164591 5804568.144466      97.137883     115.393945 
000300.txt  548878.558841  548921.912368 5804540.679114 5804575.391978      96.987573     114.779946 
000310.txt  548884.590088  548929.275770 5804517.689047 5804585.820229      96.942041     119.218369 
000320.txt  548887.783340  548932.516668 5804539.223071 5804589.939183      97.210545     122.651034 
000330.txt  548890.532692  548934.139021 5804538.701307 5804583.946160      96.951109     117.055554 
000340.txt  548894.578237  548933.739699 5804537.741337 5804582.928335      97.175692     117.145812 
000350.txt  548896.459604  548936.785757 5804537.706925 5804573.032522      96.012899     117.077223 
000360.txt  548899.677632  548940.289700 5804533.940096 5804561.516928      96.074067     116.425800 
000370.txt  548905.298170  548943.378985 5804536.756103 5804563.183760      96.857126     116.697607 
000380.txt  548906.343851  548948.752368 5804536.453464 5804579.526141      96.951892     116.217676 
000390.txt  548908.960175  548952.820956 5804536.071119 5804583.246808      96.982964     117.598210 
000400.txt  548913.593374  548956.258527 5804535.262789 5804584.175747      96.917940     120.986672 
000410.txt  548915.489671  548959.173547 5804533.942407 5804586.339058      97.133345     126.035880 
000420.txt  548919.762401  548965.103504 5804510.099954 5804593.221288      96.873211     125.988632 
000430.txt  548926.613532  548969.859782 5804528.825948 5804584.048922      96.826731     121.778500 
000440.txt  548928.195802  548967.917177 5804517.621114 5804578.079596      97.148896     115.915288 
000450.txt  548931.284579  548971.021942 5804532.488182 5804572.482414      97.199817     116.187400 
000460.txt  548934.275639  548980.042467 5804532.935910 5804586.277597      97.170063     118.138884 
000470.txt  548937.635923  548982.560380 5804532.873279 5804585.836821      97.236729     119.885342 
000480.txt  548940.292455  548981.581436 5804531.926343 5804567.968144      96.538685     116.958288 
000490.txt  548945.699097  548987.963992 5804512.522136 5804578.413742      97.013156     116.384826 
000500.txt  548946.954449  548991.925803 5804529.857954 5804583.579777      97.131081     118.602504 
000510.txt  548949.391282  548990.398727 5804526.824395 5804562.238049      96.775244     117.057343 
000520.txt  548952.982262  548994.107062 5804529.774075 5804559.486683      97.169730     118.218019 
000530.txt  548956.806622  548994.841132 5804529.914017 5804577.946536      96.500749     117.521608 
000540.txt  548957.933906  548997.617374 5804528.123478 5804562.390379      97.244881     118.492453 
000550.txt  548961.046147  549000.630409 5804528.654841 5804562.319640      97.246665     118.507213 
000560.txt  548963.796001  549010.694755 5804528.906680 5804580.326714      97.256293     117.590293 
000570.txt  548966.571677  549014.411564 5804516.296912 5804583.137508      97.165089     120.731033 
000580.txt  548970.404503  549009.382706 5804528.263692 5804555.601685      97.276251     117.453260 
000590.txt  548973.251039  549012.197688 5804527.223292 5804552.673745      97.226960     116.233297 
000600.txt  548975.640509  549015.216652 5804526.024932 5804552.862340      97.299392     114.694165 
000610.txt  548978.589928  549020.534906 5804490.083873 5804554.480570      96.318784     117.277620 
000620.txt  548983.922613  549024.915188 5804498.001349 5804569.082213      97.525317     121.440203 
000630.txt  548986.370889  549032.819810 5804519.810608 5804580.539690      97.463364     121.587881 
000640.txt  548989.041991  549029.122608 5804519.799449 5804547.637077      97.490084     121.454236 
000650.txt  548991.159662  549034.391663 5804520.062905 5804566.115532      97.373240     120.743899 
000660.txt  548993.282984  549036.539226 5804517.597551 5804563.415735      97.352562     120.969853 
000670.txt  548994.686971  549037.867746 5804516.213448 5804571.872459      96.986046     119.331316 
000680.txt  548995.663566  549039.213370 5804503.966377 5804570.560277      97.375782     120.306826 
000690.txt  548997.564681  549038.538287 5804505.110962 5804570.288962      97.333193     117.813949 
000700.txt  548999.946623  549038.916580 5804506.220188 5804569.412754      97.314674     117.704786 
000710.txt  549000.619749  549046.761425 5804512.141000 5804579.855198      95.630474     124.969614 
000720.txt  549004.280598  549041.599639 5804517.287241 5804560.017236      89.610177     116.323218 
000730.txt  549005.647418  549048.220542 5804517.791221 5804562.878513      86.302133     113.884441 
000740.txt  549005.933875  549052.635159 5804510.108870 5804568.654213      96.996027     113.517947 
000750.txt  549005.929301  549048.904021 5804515.270224 5804549.365658      97.065908     113.205579 
000760.txt  549004.471221  549051.368121 5804507.353033 5804546.192360      97.305916     112.746929 
000770.txt  549005.310072  549053.363102 5804491.245311 5804546.746053      96.489123     113.451150 
000780.txt  549003.141032  549067.267401 5804472.789371 5804539.859604      96.003208     116.156733 
000790.txt  548996.427979  549068.048645 5804475.583755 5804532.197317      96.290791     114.730843 
000800.txt  548991.163831  549033.382754 5804477.234305 5804530.883238      89.962248     120.533009 
000810.txt  548991.526516  549010.895490 5804482.008268 5804528.708155      85.168515     121.597663 
000820.txt  548989.795926  549013.298097 5804484.841055 5804527.770579      86.815128     125.479093 
000830.txt  548988.013397  549018.205408 5804486.168765 5804526.548785      90.149910     122.534263 
000840.txt  548990.577669  549016.879047 5804485.605653 5804523.570195      83.224110     122.084087 
000850.txt  548989.746122  549011.029118 5804484.023991 5804523.752781      85.558488     121.456503 
000860.txt  548977.768235  549011.531037 5804482.708467 5804523.053051      88.241014     121.050215 
000870.txt  548989.735016  549013.000943 5804481.223760 5804521.341819      84.751578     120.831535 
000880.txt  548967.404184  549024.590101 5804477.730760 5804518.501370      86.525059     120.527355 
000890.txt  548989.763838  549021.319747 5804476.818499 5804518.686240      81.726773     120.837493 
000900.txt  548989.241754  549021.336720 5804474.737011 5804517.096430      83.449261     120.610425 
000910.txt  548954.232585  549008.519703 5804474.670706 5804514.118243      83.502268     126.363472 
000920.txt  548988.736533  549028.543156 5804472.112995 5804513.059623      86.176883     121.394679 
000930.txt  548988.990255  549027.305546 5804471.453519 5804511.912341      82.624793     122.128085 
000940.txt  548981.101357  549016.386439 5804469.546690 5804508.699647      91.321206     122.886737 
000950.txt  548988.493715  549030.235592 5804467.718943 5804507.102871      82.262119     122.738203 
000960.txt  548988.366583  549009.493509 5804465.750022 5804506.360213      88.378315     123.058102 
000970.txt  548987.782907  549020.666956 5804463.773747 5804504.285663      90.081763     121.850403 
000980.txt  548987.809990  549007.113304 5804461.563335 5804502.049496      82.329635     121.743763 
000990.txt  548970.248745  549043.962189 5804454.259961 5804499.256007      82.082655     123.444228 
001000.txt  548987.442419  549006.944902 5804457.219761 5804497.704878      86.257109     122.548162 
001010.txt  548976.966738  549007.861204 5804454.709274 5804494.592944      86.740961     122.008889 
001020.txt  548986.254913  549005.863884 5804452.527513 5804490.291064      91.213411     121.767877 
001030.txt  548987.099916  549005.902067 5804450.201423 5804489.768787      91.555659     120.227138 
001040.txt  548987.082701  549005.489817 5804447.874841 5804488.574773      91.761200     120.097506 
001050.txt  548986.189810  549034.043950 5804441.856993 5804485.423996      87.223008     120.437715 
001060.txt  548986.233387  549020.930698 5804441.347573 5804484.037117      83.437498     120.580598 
001070.txt  548982.613142  549004.419301 5804441.023369 5804480.406143      93.760871     120.255826 
001080.txt  548972.648762  549004.340677 5804438.738664 5804479.508851      91.512956     120.103563 
001090.txt  548985.512177  549007.234018 5804436.227977 5804476.284091      91.594751     120.355944 
001100.txt  548983.697122  549003.815892 5804434.026171 5804474.566400      92.126479     120.183125 
001110.txt  548982.171026  549003.712241 5804431.777687 5804471.956170      91.436955     125.258363 
001120.txt  548984.939289  549029.932068 5804425.496823 5804470.247019      92.072202     120.171935 
001130.txt  548984.843300  549015.687381 5804427.314104 5804467.328800      85.501816     119.883847 
001140.txt  548961.140420  549004.374553 5804425.268712 5804463.871634      82.158189     125.728425 
001150.txt  548981.696440  549034.823555 5804419.529783 5804462.575056      88.293870     121.399446 
001160.txt  548981.510840  549016.001652 5804420.856414 5804461.553519      91.694007     117.690811 
001170.txt  548977.068896  549033.505849 5804414.268284 5804457.363980      87.339609     128.859640 
001180.txt  548958.762308  549004.788772 5804416.442535 5804457.169796      93.718713     118.536444 
001190.txt  548966.051876  549026.903808 5804414.218740 5804452.597488      82.056370     118.605728 
001200.txt  548978.064249  549003.849735 5804412.008878 5804451.920595      85.080721     120.704012 
001210.txt  548962.918218  549010.418655 5804409.607958 5804450.027525      85.840029     121.237412 
001220.txt  548969.990036  549010.812435 5804407.615457 5804447.673891      93.473466     121.897071 
001230.txt  548954.929824  549008.749925 5804405.493432 5804446.503564      93.317628     122.548631 
001240.txt  548965.021526  549013.507135 5804402.225285 5804443.337491      96.787060     124.735081 
001250.txt  548953.044673  549027.708046 5804399.711012 5804441.149634      96.516521     122.596589 
001260.txt  548962.188711  549019.465312 5804398.711838 5804441.010193      96.548374     125.353012 
001270.txt  548962.582985  549024.766443 5804396.911574 5804439.364688      96.517112     122.759497 
001280.txt  548950.587357  549031.626837 5804394.970023 5804439.292661      96.397343     127.117097 
001290.txt  548960.689864  549035.538595 5804393.240663 5804438.575280      95.900757     124.780041 
001300.txt  548958.935651  549036.839434 5804391.566017 5804435.726924      96.964085     125.042441 
001310.txt  548957.596327  549035.433801 5804389.513577 5804435.842551      96.980428     126.874095 
001320.txt  548958.831157  549027.274249 5804393.838667 5804434.402577      96.579499     125.375227 
001330.txt  548957.625028  549020.379283 5804395.022653 5804434.218022      96.965891     124.133839 
001340.txt  548946.685402  549019.532587 5804397.508715 5804433.377681      96.956071     122.064713 
001350.txt  548942.306585  549017.381464 5804394.567425 5804433.108248      96.936877     119.844779 
001360.txt  548943.295467  549016.754624 5804395.570835 5804433.009902      97.034529     119.740917 
001370.txt  548943.959085  549016.827541 5804395.848341 5804432.788575      96.979731     119.963085 
001380.txt  548943.834220  549029.207037 5804382.838215 5804434.359824      90.768991     119.102371 
001390.txt  548944.071738  549015.392292 5804399.071668 5804434.368247      96.938425     120.655016 
001400.txt  548943.977429  549015.554066 5804398.842793 5804434.367524      96.920430     118.985883 
001410.txt  548941.862935  549017.124178 5804395.219204 5804433.711884      96.929060     119.371256 
001420.txt  548943.885948  549016.573836 5804396.432277 5804433.629829      96.725827     125.756491 
001430.txt  548943.947781  549015.952272 5804401.503028 5804432.924659      96.986764     126.810665 
001440.txt  548943.934536  549015.141025 5804401.800323 5804432.915075      96.787819     120.020059 
001450.txt  548944.044338  549014.767841 5804400.532905 5804434.366735      97.019832     118.955155 
001460.txt  548940.349126  549015.653695 5804398.863558 5804432.777204      96.775645     126.421459 
001470.txt  548943.968604  549014.822633 5804402.904338 5804432.953414      97.036921     126.752071 
001480.txt  548943.989041  549015.032497 5804402.755585 5804432.670678      97.027857     119.008500 
001490.txt  548943.282112  549014.773580 5804402.876902 5804432.954768      96.836049     120.325924 
001500.txt  548944.085982  549015.308317 5804402.462125 5804432.689071      96.829377     120.531525 
001510.txt  548944.018004  549014.988788 5804398.866012 5804432.635464      96.794806     119.048157 
001520.txt  548943.740531  549015.293669 5804402.666136 5804432.750912      97.036819     118.976745 
001530.txt  548944.052308  549014.496589 5804398.866076 5804432.802207      96.824632     120.443438 
001540.txt  548944.046386  549014.830038 5804403.603157 5804432.825008      96.959221     119.445122 
001550.txt  548942.206636  549019.354755 5804390.971471 5804432.818147      96.956257     125.848079 
001560.txt  548944.076458  549014.817797 5804398.867322 5804432.688186      96.936113     118.806155 
001570.txt  548946.010256  549015.123976 5804398.867002 5804433.401391      96.475542     120.433532 
001580.txt  548943.894548  549016.027271 5804395.387939 5804432.970833      96.021948     118.723054 
001590.txt  548941.881003  549016.088675 5804396.037599 5804433.241459      96.956671     119.846380 
001600.txt  548941.654971  549016.753840 5804395.618073 5804433.019144      96.095650     120.097641 
001610.txt  548941.543590  549017.832524 5804395.882189 5804433.028169      96.925877     120.749472 
001620.txt  548941.518225  549017.161328 5804395.643377 5804433.076139      97.007667     120.133804 
001630.txt  548941.703899  549016.667659 5804399.742717 5804433.117694      97.050452     120.134589 
001640.txt  548944.076537  549018.833862 5804395.776100 5804435.524164      96.884657     119.649096 
001650.txt  548941.639083  549017.872003 5804395.912069 5804435.345559      96.631269     125.768636 
001660.txt  548941.642458  549016.843553 5804399.443262 5804435.242793      96.689743     120.172075 
001670.txt  548941.781266  549017.416055 5804394.319774 5804434.920524      96.924429     120.072467 
001680.txt  548944.032088  549015.479934 5804396.412221 5804434.806110      96.836378     119.194032 
001690.txt  548944.026197  549016.301288 5804399.206812 5804434.724597      97.024379     119.269520 
001700.txt  548944.018606  549016.737715 5804399.242396 5804434.632005      96.900311     119.677643 
001710.txt  548944.076876  549017.239361 5804399.207573 5804433.592345      97.045120     126.396625 
001720.txt  548941.649570  549017.975305 5804398.595260 5804433.854120      97.009813     121.112424 
001730.txt  548946.317928  549028.129533 5804383.755367 5804433.944301      84.685162     120.112745 
001740.txt  548944.275673  549014.230947 5804403.608512 5804432.979072      96.994033     119.768819 
001750.txt  548944.304877  549010.302315 5804398.277491 5804432.537170      97.083017     119.848812 
001760.txt  548951.139241  549024.153730 5804381.287557 5804432.536797      89.847448     120.212518 
001770.txt  548945.601987  549003.508853 5804404.567213 5804432.251766      97.049309     120.688873 
001780.txt  548956.730898  548999.395415 5804403.097933 5804432.352828      97.188318     122.756064 
001790.txt  548954.406897  548995.866565 5804401.148756 5804430.573740      96.889158     123.349032 
001800.txt  548952.074570  548993.656089 5804396.694244 5804432.105835      96.536957     121.244409 
001810.txt  548928.182739  548990.221872 5804394.522318 5804436.277356      96.185467     118.135003 
001820.txt  548928.995233  548988.084610 5804395.375797 5804444.164130      95.708293     122.656108 
001830.txt  548931.826647  548985.776215 5804409.332173 5804449.765393      96.220906     116.482260 
001840.txt  548932.826768  548984.966085 5804399.024731 5804460.598515      96.495346     119.895452 
001850.txt  548937.336088  548981.707608 5804425.063767 5804464.588378      96.186629     120.029010 
001860.txt  548940.910701  548981.409399 5804425.099947 5804463.101503      96.865752     119.899778 
001870.txt  548942.221633  548978.719248 5804414.769221 5804463.781045      96.806141     119.900309 
001880.txt  548941.550980  548978.911873 5804415.591422 5804462.382086      96.949946     119.801136 
001890.txt  548941.146779  548979.075310 5804419.301628 5804458.117278      97.083705     116.247122 
001900.txt  548939.621817  548979.245735 5804413.809292 5804454.668094      97.086021     119.981438 
001910.txt  548938.734970  548979.356621 5804427.900959 5804463.970204      97.070679     119.590939 
001920.txt  548937.577845  548979.437198 5804420.883178 5804462.241442      97.045597     119.758336 
001930.txt  548936.578037  548979.292922 5804418.031224 5804460.834231      97.093743     119.726116 
001940.txt  548935.808473  548978.936117 5804428.740033 5804464.397806      96.854931     119.828245 
001950.txt  548935.001218  548978.269104 5804428.762458 5804464.380134      96.380272     119.639001 
001960.txt  548934.469447  548977.596546 5804429.016651 5804465.084168      97.083535     119.821163 
001970.txt  548933.982500  548976.074838 5804429.581044 5804467.018494      96.842975     119.744347 
001980.txt  548933.842793  548975.425030 5804427.870986 5804466.495469      97.078160     119.926899 
001990.txt  548933.350052  548974.842886 5804427.298858 5804456.020477      97.056820     119.850856 
002000.txt  548932.484762  548974.341097 5804429.275892 5804475.895446      96.864979     119.687667 
002010.txt  548932.692790  548974.326742 5804429.888299 5804472.381492      94.760524     119.803608 
002020.txt  548932.133872  548973.713208 5804426.196365 5804456.244676      97.106338     119.832645 
002030.txt  548930.099039  548973.703718 5804426.073837 5804456.304337      96.974178     119.840841 
002040.txt  548931.650326  548973.890659 5804426.567926 5804456.247516      97.059422     119.747109 
002050.txt  548929.897819  548974.222796 5804425.905232 5804456.445834      97.002175     119.761563 
002060.txt  548930.272230  548973.516483 5804425.910395 5804471.687792      97.046863     119.780860 
002070.txt  548929.901623  548973.515829 5804425.916174 5804456.427706      97.039682     119.791260 
002080.txt  548931.341258  548973.515977 5804425.909215 5804468.579557      97.082991     119.797044 
002090.txt  548929.903381  548973.517023 5804425.906777 5804456.286536      96.835220     119.811555 
002100.txt  548929.904911  548973.526335 5804425.906875 5804458.299039      97.061546     119.773969 
002110.txt  548929.947403  548973.554751 5804425.868515 5804469.361789      97.062333     119.641421 
002120.txt  548932.338007  548973.652416 5804426.867026 5804464.647428      97.009606     119.772943 
002130.txt  548932.015268  548973.740301 5804430.064263 5804464.718643      97.040031     119.797343 
002140.txt  548931.619094  548973.831972 5804430.218347 5804456.731518      96.896419     119.551754 
002150.txt  548931.332340  548973.228931 5804430.103160 5804457.820108      97.036249     119.781323 
002160.txt  548930.675198  548972.044993 5804430.615011 5804478.128073      95.101051     119.509621 
002170.txt  548929.508298  548969.368895 5804430.812818 5804457.645279      97.007610     119.421021 
002180.txt  548917.611498  548969.352465 5804402.259441 5804471.313653      96.980490     119.338793 
002190.txt  548927.242393  548967.845869 5804430.824435 5804475.297769      96.981444     119.030652 
002200.txt  548925.535211  548965.825404 5804430.259114 5804460.168126      96.927504     118.090690 
002210.txt  548923.950066  548965.502694 5804430.211479 5804478.523302      89.972407     117.732013 
002220.txt  548922.318595  548963.949306 5804431.834141 5804462.243899      96.982604     117.997973 
002230.txt  548920.859511  548960.775825 5804432.816604 5804463.128501      97.014482     117.885161 
002240.txt  548919.365210  548959.492850 5804420.904880 5804464.683656      96.963058     117.591419 
002250.txt  548917.708411  548959.386746 5804434.511634 5804466.437784      96.996724     117.707778 
002260.txt  548916.083243  548957.685372 5804435.079732 5804468.210641      96.751910     118.162248 
002270.txt  548914.180788  548954.224344 5804435.221794 5804469.692728      96.864931     118.343313 
002280.txt  548912.504765  548953.738036 5804435.864857 5804486.477177      96.943579     118.054011 
002290.txt  548910.677644  548952.518484 5804436.202787 5804477.004134      96.876343     117.993195 
002300.txt  548908.762244  548949.278728 5804428.204104 5804480.700766      96.683622     118.075977 
002310.txt  548895.593022  548949.084005 5804411.492855 5804488.261782      92.389179     123.835684 
002320.txt  548905.054753  548947.855478 5804438.293403 5804491.332651      92.654167     117.432270 
002330.txt  548896.920791  548946.467730 5804414.970010 5804491.239417      91.800296     117.604306 
002340.txt  548902.480878  548942.514657 5804439.133769 5804492.059243      91.759476     117.601749 
002350.txt  548900.853610  548941.024822 5804439.506377 5804490.198651      91.471587     125.765949 
002360.txt  548900.144547  548938.812822 5804432.136156 5804499.822060      95.580141     115.734813 
002370.txt  548898.811308  548938.457304 5804426.580967 5804491.992988      91.717180     116.051591 
002380.txt  548897.926692  548938.201905 5804440.432483 5804492.033298      96.513084     114.955266 
002390.txt  548897.006002  548937.396159 5804441.017268 5804491.675472      96.450899     114.975536 
002400.txt  548896.298402  548936.103396 5804441.379321 5804493.355243      96.563415     113.817115 

   Overall  548849.517163  549068.048645 5804381.287557 5804599.942831      81.726773     128.859640 
